1129355823
1835252111
1917350533
2145683429
1754265837
1936062113
2053423215
1948460511
1865232163
2147483647
2138786211
1982395073
2013619539
1193856521
1985275785
1901675325
1119328171
1000211221
1129355345
1129355347
1129355349
1129355351
1129355353
1129355355
1129355357
1129355359
1129355361
1129355363
1129355365
1129355367
1129355369
1129355371
1129355373
1129355375
1129355377
1129355379
1129355381
1129355383
1129355385
1129355387
1129355389
1129355391
1129355393
1129355395
1129355397
1129355399
1129355401
1129355403
1129355405
1129355407
1129355409
1129355411
1129355413
1129355415
1129355417
1129355419
1129355421
1129355423
1129355425
1129355427
1129355429
1129355431
1129355433
1129355435
1129355437
1129355439
1129355441
1129355443
1129355445
1129355447
1129355449
1129355451
1129355453
1129355455
1129355457
1129355459
1129355461
1129355463
1129355465
1129355467
1129355469
1129355471
1129355473
1129355475
1129355477
1129355479
1129355481
1129355483
1129355485
1129355487
1129355489
1129355491
1129355493
1129355495
1129355497
1129355499
1129355501
1129355503
1129355505
1129355507
1129355509
1129355511
1129355513
1129355515
1129355517
1129355519
1129355521
1129355523
1129355525
1129355527
1129355529
1129355531
1129355533
1129355535
1129355537
1129355539
1129355541
1129355543
1129355545
1129355547
1129355549
1129355551
1129355553
1129355555
1129355557
1129355559
1129355561
1129355563
1129355565
1129355567
1129355569
1129355571
1129355573
1129355575
1129355577
1129355579
1129355581
1129355583
1129355585
1129355587
1129355589
1129355591
1129355593
1129355595
1129355597
1129355599
1129355601
1129355603
1129355605
1129355607
1129355609
1129355611
1129355613
1129355615
1129355617
1129355619
1129355621
1129355623
1129355625
1129355627
1129355629
1129355631
1129355633
1129355635
1129355637
1129355639
1129355641
1129355643
1129355645
1129355647
1129355649
1129355651
1129355653
1129355655
1129355657
1129355659
1129355661
1129355663
1129355665
1129355667
1129355669
1129355671
1129355673
1129355675
1129355677
1129355679
1129355681
1129355683
1129355685
1129355687
1129355689
1129355691
1129355693
1129355695
1129355697
1129355699
1129355701
1129355703
1129355705
1129355707
1129355709
1129355711
1129355713
1129355715
1129355717
1129355719
1129355721
1129355723
1129355725
1129355727
1129355729
1129355731
1129355733
1129355735
1129355737
1129355739
1129355741
1129355743
1129355745
1129355747
1129355749
1129355751
1129355753
1129355755
1129355757
1129355759
1129355761
1129355763
1129355765
1129355767
1129355769
1129355771
1129355773
1129355775
1129355777
1129355779
1129355781
1129355783
1129355785
1129355787
1129355789
1129355791
1129355793
1129355795
1129355797
1129355799
1129355801
1129355803
1129355805
1129355807
1129355809
1129355811
1129355813
1129355815
1129355817
1129355819
1129355821
1129355823
1129355825
1129355827
1129355829
1129355831
1129355833
1129355835
1129355837
1129355839
1129355841
1129355843
1129355845
1129355847
1129355849
1129355851
1129355853
1129355855
1129355857
1129355859
1129355861
1129355863
1129355865
1129355867
1129355869
1129355871
1129355873
1129355875
1129355877
1129355879
1129355881
1129355883
1129355885
1129355887
1129355889
1129355891
1129355893
1129355895
1129355897
1129355899
1129355901
1129355903
1129355905
1129355907
1129355909
1129355911
1129355913
1129355915
1129355917
1129355919
1129355921
1129355923
1129355925
1129355927
1129355929
1129355931
1129355933
1129355935
1129355937
1129355939
1129355941
1129355943
1129355945
1129355947
1129355949
1129355951
1129355953
1129355955
1129355957
1129355959
1129355961
1129355963
1129355965
1129355967
1129355969
1129355971
1129355973
1129355975
1129355977
1129355979
1129355981
1129355983
1129355985
1129355987
1129355989
1129355991
1129355993
1129355995
1129355997
1129355999
1129356001
1129356003
1129356005
1129356007
1129356009
1129356011
1129356013
1129356015
1129356017
1129356019
1129356021
1129356023
1129356025
1129356027
1129356029
1129356031
1129356033
1129356035
1129356037
